// --- CONFIGURACION ---
NODOS 100
HUBS 8
PAQUETES 40
CAPACIDAD_CAMION 8
DEPOSITO_ID 0

// --- NODOS (ID X Y) ---
0 169 795 // Deposito
1 182 730 // Hub
2 34 177 // Hub
3 455 997 // Hub
4 866 296 // Hub
5 554 6 // Hub
6 722 227 // Hub
7 656 959 // Hub
8 221 430 // Hub
9 881 29 // Entrega
10 112 695 // Entrega
11 517 167 // Entrega
12 740 472 // Entrega
13 793 971 // Entrega
14 611 293 // Entrega
15 847 932 // Entrega
16 165 130 // Entrega
17 468 392 // Entrega
18 266 498 // Entrega
19 15 927 // Entrega
20 62 210 // Entrega
21 573 401 // Entrega
22 599 867 // Entrega
23 134 526 // Entrega
24 286 480 // Entrega
25 171 292 // Entrega
26 441 235 // Entrega
27 618 197 // Entrega
28 478 637 // Entrega
29 173 88 // Entrega
30 422 282 // Entrega
31 337 10 // Entrega
32 46 619 // Entrega
33 168 224 // Entrega
34 198 969 // Entrega
35 778 289 // Entrega
36 993 905 // Entrega
37 790 681 // Entrega
38 237 759 // Entrega
39 23 558 // Entrega
40 869 391 // Entrega
41 54 118 // Entrega
42 646 181 // Entrega
43 717 791 // Entrega
44 378 20 // Entrega
45 587 251 // Entrega
46 138 293 // Entrega
47 23 868 // Entrega
48 864 907 // Entrega
49 412 373 // Entrega
50 634 956 // Entrega
51 95 800 // Entrega
52 953 673 // Entrega
53 890 179 // Entrega
54 352 952 // Entrega
55 366 786 // Entrega
56 224 904 // Entrega
57 425 477 // Entrega
58 800 446 // Entrega
59 792 406 // Entrega
60 247 587 // Entrega
61 116 453 // Entrega
62 432 759 // Entrega
63 529 606 // Entrega
64 752 98 // Entrega
65 389 835 // Entrega
66 971 122 // Entrega
67 364 395 // Entrega
68 791 150 // Entrega
69 295 816 // Entrega
70 780 789 // Entrega
71 103 953 // Entrega
72 572 488 // Entrega
73 915 657 // Entrega
74 420 710 // Entrega
75 451 722 // Entrega
76 712 704 // Entrega
77 523 67 // Entrega
78 100 201 // Entrega
79 317 78 // Entrega
80 602 232 // Entrega
81 437 252 // Entrega
82 794 962 // Entrega
83 83 20 // Entrega
84 850 699 // Entrega
85 898 418 // Entrega
86 72 917 // Entrega
87 958 18 // Entrega
88 211 484 // Entrega
89 361 858 // Entrega
90 627 11 // Entrega
91 86 954 // Entrega
92 625 462 // Entrega
93 36 847 // Entrega
94 863 918 // Entrega
95 632 620 // Entrega
96 801 746 // Entrega
97 365 586 // Entrega
98 810 1000 // Entrega
99 595 105 // Entrega

// --- HUBS (ID COSTO_ACTIVACION) ---
1 197.00
2 214.00
3 320.00
4 316.00
5 118.00
6 338.00
7 201.00
8 321.00

// --- PAQUETES (ID NODO_ORIGEN NODO_DESTINO) ---
0 0 56
1 0 98
2 0 29
3 0 49
4 0 61
5 0 28
6 0 80
7 0 43
8 0 60
9 0 65
10 0 96
11 0 16
12 0 37
13 0 97
14 0 43
15 0 28
16 0 90
17 0 29
18 0 44
19 0 95
20 0 36
21 0 32
22 0 99
23 0 32
24 0 32
25 0 84
26 0 47
27 0 27
28 0 71
29 0 57
30 0 11
31 0 18
32 0 22
33 0 12
34 0 54
35 0 26
36 0 25
37 0 18
38 0 40
39 0 51

// --- ARISTAS (NODO1 NODO2 PESO) ---
0 1 66.29
1 2 572.46
2 3 921.76
3 4 812.60
4 5 425.96
5 6 277.61
6 7 734.97
7 8 684.88
8 9 772.27
9 10 1017.31
10 11 665.44
11 12 377.83
12 13 501.81
13 14 702.00
14 15 681.19
15 16 1052.77
16 17 400.57
17 18 228.12
18 19 497.03
19 20 718.54
20 21 545.53
21 22 466.72
22 23 576.63
23 24 158.81
24 25 220.38
25 26 275.95
26 27 181.03
27 28 461.74
28 29 628.03
29 30 315.65
30 31 284.97
31 32 674.95
32 33 413.41
33 34 745.60
34 35 893.76
35 36 652.44
36 37 302.30
37 38 558.47
38 39 293.59
39 40 862.33
40 41 859.51
41 42 595.34
42 43 614.12
43 44 842.24
44 45 311.52
45 46 450.96
46 47 586.39
47 48 841.90
48 49 699.61
49 50 623.84
50 51 561.12
51 52 867.35
52 53 498.00
53 54 941.79
54 55 166.59
55 56 184.63
56 57 471.94
57 58 376.28
58 59 40.79
59 60 574.27
60 61 187.40
61 62 439.88
62 63 181.16
63 64 554.79
64 65 821.55
65 66 920.38
66 67 665.57
67 68 492.29
68 69 830.40
69 70 485.75
70 71 696.58
71 72 660.44
72 73 382.37
73 74 497.83
74 75 33.24
75 76 261.62
76 77 664.45
77 78 443.72
78 79 249.44
79 80 323.95
80 81 166.21
81 82 794.70
82 83 1180.21
83 84 1024.37
84 85 285.07
85 86 965.03
86 87 1262.22
87 88 880.43
88 89 402.96
89 90 887.79
90 91 1087.17
91 92 729.78
92 93 703.67
93 94 830.04
94 95 377.05
95 96 210.80
96 97 464.43
97 98 607.80
98 99 920.46
95 39 612.15
69 31 807.09
23 17 359.88
9 68 150.80
42 5 197.71
60 39 225.87
90 96 755.32
95 80 389.16
6 46 587.72
4 61 766.26
95 42 439.22
26 46 308.50
54 20 796.66
49 41 439.53
23 0 271.27
10 14 640.78
58 37 235.21
80 70 584.75
52 92 390.01
5 61 625.82
6 87 315.24
38 82 592.84
91 18 490.24
41 27 569.51
17 69 457.94
51 15 763.50
50 95 336.01
86 80 866.10
96 63 305.92
93 56 196.45
18 93 417.97
30 76 512.04
80 36 778.34
75 23 372.70
77 25 417.77
20 46 112.54
87 77 437.75
86 12 802.65
41 94 1137.75
57 46 340.92
53 29 722.75
80 35 185.00
86 52 914.16
93 2 670.00
25 38 471.64
10 60 172.88
68 13 821.00
89 93 325.19
