// --- CONFIGURACION ---
NODOS 500
HUBS 15
PAQUETES 150
CAPACIDAD_CAMION 8
DEPOSITO_ID 0

// --- NODOS (ID X Y) ---
0 23 132 // Deposito
1 946 59 // Hub
2 756 618 // Hub
3 432 156 // Hub
4 515 692 // Hub
5 468 28 // Hub
6 906 191 // Hub
7 1000 157 // Hub
8 424 644 // Hub
9 765 579 // Hub
10 161 138 // Hub
11 248 692 // Hub
12 87 733 // Hub
13 76 647 // Hub
14 673 710 // Hub
15 809 580 // Hub
16 386 422 // Entrega
17 563 305 // Entrega
18 753 22 // Entrega
19 849 910 // Entrega
20 722 567 // Entrega
21 409 52 // Entrega
22 630 323 // Entrega
23 869 282 // Entrega
24 223 11 // Entrega
25 614 619 // Entrega
26 506 983 // Entrega
27 102 710 // Entrega
28 26 910 // Entrega
29 24 968 // Entrega
30 77 299 // Entrega
31 87 251 // Entrega
32 610 927 // Entrega
33 777 874 // Entrega
34 979 463 // Entrega
35 131 291 // Entrega
36 308 328 // Entrega
37 301 725 // Entrega
38 23 932 // Entrega
39 651 491 // Entrega
40 308 363 // Entrega
41 691 342 // Entrega
42 563 402 // Entrega
43 298 918 // Entrega
44 82 13 // Entrega
45 626 293 // Entrega
46 174 484 // Entrega
47 688 179 // Entrega
48 627 614 // Entrega
49 977 39 // Entrega
50 208 595 // Entrega
51 349 804 // Entrega
52 14 198 // Entrega
53 389 229 // Entrega
54 391 489 // Entrega
55 259 491 // Entrega
56 145 894 // Entrega
57 276 557 // Entrega
58 618 251 // Entrega
59 246 474 // Entrega
60 427 184 // Entrega
61 911 445 // Entrega
62 416 366 // Entrega
63 288 426 // Entrega
64 968 696 // Entrega
65 866 883 // Entrega
66 238 681 // Entrega
67 781 796 // Entrega
68 238 968 // Entrega
69 227 294 // Entrega
70 327 723 // Entrega
71 549 902 // Entrega
72 388 623 // Entrega
73 491 292 // Entrega
74 717 54 // Entrega
75 90 656 // Entrega
76 416 594 // Entrega
77 752 995 // Entrega
78 537 240 // Entrega
79 450 638 // Entrega
80 878 740 // Entrega
81 247 171 // Entrega
82 890 239 // Entrega
83 647 734 // Entrega
84 236 987 // Entrega
85 3 862 // Entrega
86 448 498 // Entrega
87 111 190 // Entrega
88 78 401 // Entrega
89 825 850 // Entrega
90 453 736 // Entrega
91 185 383 // Entrega
92 3 508 // Entrega
93 858 994 // Entrega
94 241 68 // Entrega
95 736 840 // Entrega
96 463 345 // Entrega
97 503 951 // Entrega
98 741 659 // Entrega
99 431 198 // Entrega
100 982 642 // Entrega
101 215 94 // Entrega
102 598 609 // Entrega
103 216 678 // Entrega
104 386 580 // Entrega
105 76 752 // Entrega
106 920 678 // Entrega
107 824 161 // Entrega
108 856 227 // Entrega
109 515 774 // Entrega
110 840 215 // Entrega
111 916 174 // Entrega
112 219 414 // Entrega
113 850 747 // Entrega
114 922 54 // Entrega
115 504 148 // Entrega
116 513 881 // Entrega
117 935 696 // Entrega
118 705 782 // Entrega
119 602 60 // Entrega
120 399 343 // Entrega
121 621 2 // Entrega
122 491 463 // Entrega
123 774 875 // Entrega
124 708 84 // Entrega
125 111 881 // Entrega
126 79 33 // Entrega
127 699 896 // Entrega
128 829 409 // Entrega
129 347 307 // Entrega
130 321 414 // Entrega
131 28 661 // Entrega
132 318 217 // Entrega
133 337 322 // Entrega
134 188 675 // Entrega
135 746 417 // Entrega
136 863 701 // Entrega
137 198 147 // Entrega
138 571 544 // Entrega
139 272 54 // Entrega
140 272 241 // Entrega
141 345 345 // Entrega
142 55 749 // Entrega
143 800 640 // Entrega
144 568 829 // Entrega
145 156 652 // Entrega
146 589 978 // Entrega
147 50 659 // Entrega
148 277 463 // Entrega
149 704 641 // Entrega
150 758 405 // Entrega
151 538 941 // Entrega
152 647 431 // Entrega
153 597 419 // Entrega
154 846 361 // Entrega
155 234 284 // Entrega
156 595 159 // Entrega
157 547 945 // Entrega
158 90 48 // Entrega
159 606 157 // Entrega
160 430 262 // Entrega
161 219 286 // Entrega
162 922 597 // Entrega
163 149 448 // Entrega
164 924 462 // Entrega
165 92 805 // Entrega
166 614 698 // Entrega
167 131 674 // Entrega
168 541 612 // Entrega
169 503 801 // Entrega
170 497 761 // Entrega
171 840 324 // Entrega
172 170 125 // Entrega
173 831 468 // Entrega
174 794 549 // Entrega
175 716 47 // Entrega
176 738 334 // Entrega
177 641 462 // Entrega
178 15 579 // Entrega
179 314 713 // Entrega
180 919 152 // Entrega
181 462 710 // Entrega
182 512 799 // Entrega
183 360 39 // Entrega
184 727 679 // Entrega
185 851 813 // Entrega
186 996 988 // Entrega
187 684 519 // Entrega
188 618 936 // Entrega
189 676 187 // Entrega
190 535 534 // Entrega
191 460 27 // Entrega
192 0 704 // Entrega
193 41 383 // Entrega
194 379 696 // Entrega
195 6 988 // Entrega
196 577 506 // Entrega
197 817 267 // Entrega
198 229 559 // Entrega
199 262 309 // Entrega
200 510 308 // Entrega
201 5 667 // Entrega
202 834 543 // Entrega
203 95 592 // Entrega
204 950 473 // Entrega
205 402 856 // Entrega
206 499 219 // Entrega
207 115 720 // Entrega
208 382 120 // Entrega
209 675 797 // Entrega
210 487 589 // Entrega
211 895 921 // Entrega
212 135 795 // Entrega
213 261 75 // Entrega
214 300 291 // Entrega
215 613 666 // Entrega
216 648 797 // Entrega
217 845 850 // Entrega
218 791 269 // Entrega
219 346 649 // Entrega
220 95 925 // Entrega
221 374 976 // Entrega
222 837 14 // Entrega
223 162 806 // Entrega
224 436 372 // Entrega
225 104 933 // Entrega
226 632 627 // Entrega
227 648 278 // Entrega
228 956 115 // Entrega
229 744 273 // Entrega
230 549 240 // Entrega
231 128 612 // Entrega
232 227 417 // Entrega
233 618 68 // Entrega
234 406 1000 // Entrega
235 444 377 // Entrega
236 849 773 // Entrega
237 120 796 // Entrega
238 779 732 // Entrega
239 83 404 // Entrega
240 579 805 // Entrega
241 998 235 // Entrega
242 864 578 // Entrega
243 348 467 // Entrega
244 53 339 // Entrega
245 519 220 // Entrega
246 556 315 // Entrega
247 1000 29 // Entrega
248 51 65 // Entrega
249 882 774 // Entrega
250 240 233 // Entrega
251 340 111 // Entrega
252 715 64 // Entrega
253 152 47 // Entrega
254 522 645 // Entrega
255 509 425 // Entrega
256 204 803 // Entrega
257 596 163 // Entrega
258 519 407 // Entrega
259 549 747 // Entrega
260 837 159 // Entrega
261 947 284 // Entrega
262 191 622 // Entrega
263 91 180 // Entrega
264 784 669 // Entrega
265 90 167 // Entrega
266 879 137 // Entrega
267 189 35 // Entrega
268 268 882 // Entrega
269 677 474 // Entrega
270 344 426 // Entrega
271 335 953 // Entrega
272 510 576 // Entrega
273 717 660 // Entrega
274 429 746 // Entrega
275 276 225 // Entrega
276 635 838 // Entrega
277 489 318 // Entrega
278 81 933 // Entrega
279 801 705 // Entrega
280 477 193 // Entrega
281 953 194 // Entrega
282 193 72 // Entrega
283 621 713 // Entrega
284 797 132 // Entrega
285 886 771 // Entrega
286 751 213 // Entrega
287 135 655 // Entrega
288 671 634 // Entrega
289 543 411 // Entrega
290 244 422 // Entrega
291 760 658 // Entrega
292 634 667 // Entrega
293 922 392 // Entrega
294 407 952 // Entrega
295 407 567 // Entrega
296 371 692 // Entrega
297 71 549 // Entrega
298 549 66 // Entrega
299 470 821 // Entrega
300 448 761 // Entrega
301 134 177 // Entrega
302 802 275 // Entrega
303 955 847 // Entrega
304 460 521 // Entrega
305 835 855 // Entrega
306 840 929 // Entrega
307 704 646 // Entrega
308 475 505 // Entrega
309 856 117 // Entrega
310 841 577 // Entrega
311 721 636 // Entrega
312 830 727 // Entrega
313 361 410 // Entrega
314 865 79 // Entrega
315 309 889 // Entrega
316 556 801 // Entrega
317 821 883 // Entrega
318 48 876 // Entrega
319 309 427 // Entrega
320 835 137 // Entrega
321 397 171 // Entrega
322 380 690 // Entrega
323 755 174 // Entrega
324 390 507 // Entrega
325 743 57 // Entrega
326 79 375 // Entrega
327 701 899 // Entrega
328 344 215 // Entrega
329 840 170 // Entrega
330 80 265 // Entrega
331 856 354 // Entrega
332 787 530 // Entrega
333 450 89 // Entrega
334 597 883 // Entrega
335 923 204 // Entrega
336 877 624 // Entrega
337 195 762 // Entrega
338 319 62 // Entrega
339 763 339 // Entrega
340 802 392 // Entrega
341 138 791 // Entrega
342 107 841 // Entrega
343 304 661 // Entrega
344 854 846 // Entrega
345 835 503 // Entrega
346 631 180 // Entrega
347 626 711 // Entrega
348 785 847 // Entrega
349 98 485 // Entrega
350 574 155 // Entrega
351 461 42 // Entrega
352 324 480 // Entrega
353 449 776 // Entrega
354 131 597 // Entrega
355 583 824 // Entrega
356 518 443 // Entrega
357 908 109 // Entrega
358 931 138 // Entrega
359 698 670 // Entrega
360 160 867 // Entrega
361 778 825 // Entrega
362 770 578 // Entrega
363 15 626 // Entrega
364 525 416 // Entrega
365 685 766 // Entrega
366 602 956 // Entrega
367 324 243 // Entrega
368 307 708 // Entrega
369 538 637 // Entrega
370 787 246 // Entrega
371 479 487 // Entrega
372 741 978 // Entrega
373 756 85 // Entrega
374 845 627 // Entrega
375 255 725 // Entrega
376 720 95 // Entrega
377 940 773 // Entrega
378 976 405 // Entrega
379 425 87 // Entrega
380 434 206 // Entrega
381 700 846 // Entrega
382 589 739 // Entrega
383 592 166 // Entrega
384 610 668 // Entrega
385 622 722 // Entrega
386 71 425 // Entrega
387 455 506 // Entrega
388 60 610 // Entrega
389 754 6 // Entrega
390 372 594 // Entrega
391 289 537 // Entrega
392 645 642 // Entrega
393 166 730 // Entrega
394 546 276 // Entrega
395 724 256 // Entrega
396 63 10 // Entrega
397 268 388 // Entrega
398 998 98 // Entrega
399 610 79 // Entrega
400 672 491 // Entrega
401 232 156 // Entrega
402 264 683 // Entrega
403 719 702 // Entrega
404 989 49 // Entrega
405 756 911 // Entrega
406 855 262 // Entrega
407 853 402 // Entrega
408 438 184 // Entrega
409 140 564 // Entrega
410 8 208 // Entrega
411 459 616 // Entrega
412 354 658 // Entrega
413 29 803 // Entrega
414 783 619 // Entrega
415 869 100 // Entrega
416 321 869 // Entrega
417 472 77 // Entrega
418 404 295 // Entrega
419 951 748 // Entrega
420 164 772 // Entrega
421 985 579 // Entrega
422 125 519 // Entrega
423 466 260 // Entrega
424 521 167 // Entrega
425 386 681 // Entrega
426 441 942 // Entrega
427 914 764 // Entrega
428 639 539 // Entrega
429 524 246 // Entrega
430 922 284 // Entrega
431 128 197 // Entrega
432 782 796 // Entrega
433 284 104 // Entrega
434 610 940 // Entrega
435 508 696 // Entrega
436 142 84 // Entrega
437 764 543 // Entrega
438 572 445 // Entrega
439 802 902 // Entrega
440 178 129 // Entrega
441 267 913 // Entrega
442 948 354 // Entrega
443 315 942 // Entrega
444 701 609 // Entrega
445 69 358 // Entrega
446 416 481 // Entrega
447 824 982 // Entrega
448 192 89 // Entrega
449 922 338 // Entrega
450 967 490 // Entrega
451 749 712 // Entrega
452 138 62 // Entrega
453 730 551 // Entrega
454 339 792 // Entrega
455 323 230 // Entrega
456 613 173 // Entrega
457 719 367 // Entrega
458 650 314 // Entrega
459 360 241 // Entrega
460 654 121 // Entrega
461 883 524 // Entrega
462 554 587 // Entrega
463 596 447 // Entrega
464 84 606 // Entrega
465 270 630 // Entrega
466 375 485 // Entrega
467 976 79 // Entrega
468 960 872 // Entrega
469 93 363 // Entrega
470 329 239 // Entrega
471 911 532 // Entrega
472 685 905 // Entrega
473 519 164 // Entrega
474 168 298 // Entrega
475 217 398 // Entrega
476 796 630 // Entrega
477 961 879 // Entrega
478 648 850 // Entrega
479 826 640 // Entrega
480 853 497 // Entrega
481 261 839 // Entrega
482 965 661 // Entrega
483 696 929 // Entrega
484 129 981 // Entrega
485 432 222 // Entrega
486 733 397 // Entrega
487 648 206 // Entrega
488 378 22 // Entrega
489 547 642 // Entrega
490 203 506 // Entrega
491 998 470 // Entrega
492 346 720 // Entrega
493 935 774 // Entrega
494 503 243 // Entrega
495 97 312 // Entrega
496 601 745 // Entrega
497 194 44 // Entrega
498 417 153 // Entrega
499 887 36 // Entrega

// --- HUBS (ID COSTO_ACTIVACION) ---
1 166.00
2 367.00
3 325.00
4 122.00
5 231.00
6 411.00
7 421.00
8 101.00
9 255.00
10 262.00
11 426.00
12 493.00
13 429.00
14 491.00
15 244.00

// --- PAQUETES (ID NODO_ORIGEN NODO_DESTINO) ---
0 0 234
1 0 29
2 0 373
3 0 446
4 0 132
5 0 83
6 0 426
7 0 384
8 0 260
9 0 133
10 0 495
11 0 93
12 0 203
13 0 438
14 0 454
15 0 488
16 0 473
17 0 319
18 0 41
19 0 396
20 0 122
21 0 158
22 0 345
23 0 25
24 0 431
25 0 52
26 0 168
27 0 331
28 0 331
29 0 359
30 0 70
31 0 103
32 0 498
33 0 344
34 0 109
35 0 473
36 0 242
37 0 419
38 0 470
39 0 229
40 0 152
41 0 433
42 0 213
43 0 290
44 0 145
45 0 185
46 0 196
47 0 347
48 0 114
49 0 422
50 0 480
51 0 120
52 0 177
53 0 215
54 0 345
55 0 429
56 0 132
57 0 44
58 0 351
59 0 318
60 0 111
61 0 456
62 0 97
63 0 94
64 0 309
65 0 116
66 0 269
67 0 480
68 0 135
69 0 19
70 0 160
71 0 207
72 0 297
73 0 242
74 0 127
75 0 496
76 0 73
77 0 370
78 0 62
79 0 38
80 0 485
81 0 328
82 0 492
83 0 276
84 0 67
85 0 128
86 0 55
87 0 123
88 0 495
89 0 141
90 0 206
91 0 462
92 0 17
93 0 404
94 0 268
95 0 225
96 0 79
97 0 347
98 0 371
99 0 91
100 0 461
101 0 332
102 0 100
103 0 458
104 0 291
105 0 149
106 0 465
107 0 228
108 0 95
109 0 46
110 0 140
111 0 123
112 0 239
113 0 225
114 0 118
115 0 184
116 0 489
117 0 154
118 0 372
119 0 161
120 0 250
121 0 476
122 0 216
123 0 48
124 0 80
125 0 266
126 0 408
127 0 307
128 0 231
129 0 17
130 0 390
131 0 454
132 0 118
133 0 29
134 0 119
135 0 194
136 0 133
137 0 170
138 0 370
139 0 279
140 0 166
141 0 381
142 0 475
143 0 199
144 0 316
145 0 307
146 0 433
147 0 152
148 0 91
149 0 141

// --- ARISTAS (NODO1 NODO2 PESO) ---
0 1 925.88
1 2 590.41
2 3 564.29
3 4 542.39
4 5 665.66
5 6 467.35
6 7 99.96
7 8 754.28
8 9 347.14
9 10 747.86
10 11 560.79
11 12 166.14
12 13 86.70
13 14 600.31
14 15 188.14
15 16 451.55
16 17 212.17
17 18 340.87
18 19 893.17
19 20 365.76
20 21 602.66
21 22 349.69
22 23 242.49
23 24 700.54
24 25 722.87
25 26 379.68
26 27 487.59
27 28 213.95
28 29 58.03
29 30 671.10
30 31 49.03
31 32 854.70
32 33 175.21
33 34 457.96
34 35 865.27
35 36 180.83
36 37 397.06
37 38 346.60
38 39 767.38
39 40 366.11
40 41 383.58
41 42 141.36
42 43 580.07
43 44 930.42
44 45 611.83
45 46 490.70
46 47 597.68
47 48 439.26
48 49 673.15
49 50 948.95
50 51 252.12
51 52 692.43
52 53 376.28
53 54 260.01
54 55 132.02
55 56 418.81
56 57 361.57
57 58 458.91
58 59 433.72
59 60 341.85
60 61 549.89
61 62 501.26
62 63 141.36
63 64 731.64
64 65 213.01
65 66 659.69
66 67 555.04
67 68 569.59
68 69 674.09
69 70 440.50
70 71 285.18
71 72 322.12
72 73 346.66
73 74 328.21
74 75 869.21
75 76 331.84
76 77 523.16
77 78 785.02
78 79 407.40
79 80 439.99
80 81 849.66
81 82 646.59
82 83 551.43
83 84 482.63
84 85 264.41
85 86 574.91
86 87 456.54
87 88 213.56
88 89 871.56
89 90 389.08
90 91 443.21
91 92 220.79
92 93 983.47
93 94 1112.73
94 95 917.07
95 96 565.29
96 97 607.32
97 98 376.71
98 99 555.54
99 100 707.63
100 101 942.65
101 102 641.81
102 103 388.18
103 104 196.22
104 105 354.52
105 106 847.24
106 107 525.84
107 108 73.35
108 109 644.59
109 110 646.61
110 111 86.35
111 112 737.16
112 113 713.48
113 114 696.73
114 115 428.44
115 116 733.06
116 117 460.77
117 118 245.55
118 119 729.31
119 120 348.28
120 121 406.90
121 122 478.98
122 123 499.83
123 124 793.75
124 125 995.80
125 126 848.60
126 127 1062.62
127 128 504.05
128 129 492.67
129 130 110.11
130 131 383.22
131 132 530.32
132 133 106.71
133 134 383.16
134 135 614.76
135 136 307.16
136 137 865.53
137 138 544.74
138 139 574.02
139 140 187.00
140 141 127.06
141 142 497.31
142 143 752.93
143 144 299.24
144 145 448.41
145 146 542.00
146 147 626.32
147 148 299.91
148 149 462.62
149 150 242.10
150 151 579.39
151 152 521.52
152 153 51.42
153 154 255.67
154 155 616.82
155 156 382.03
156 157 787.46
157 158 1006.71
158 159 527.39
159 160 204.94
160 161 212.36
161 162 768.72
162 163 787.23
163 164 775.13
164 165 899.93
165 166 532.85
166 167 483.60
167 168 414.66
168 169 192.78
169 170 40.45
170 171 555.53
171 172 698.93
172 173 744.69
173 174 89.05
174 175 508.02
175 176 287.84
176 177 160.60
177 178 636.84
178 179 327.65
179 180 825.07
180 181 721.26
181 182 102.08
182 183 775.05
183 184 737.76
184 185 182.57
185 186 227.27
186 187 563.30
187 188 422.19
188 189 751.24
189 190 374.55
190 191 512.52
191 192 818.49
192 193 323.61
193 194 460.67
194 195 473.70
195 196 747.24
196 197 338.70
197 198 656.51
198 199 252.17
199 200 248.00
200 201 619.60
201 202 838.22
202 203 740.62
203 204 863.24
204 205 668.58
205 206 644.34
206 207 631.23
207 208 656.73
208 209 737.68
209 210 280.37
210 211 526.01
211 212 770.37
212 213 730.94
213 214 219.49
214 215 488.46
215 216 135.59
216 217 204.00
217 218 583.50
218 219 585.17
219 220 373.06
220 221 283.62
221 222 1067.62
222 223 1040.62
223 224 513.26
224 225 651.88
225 226 610.26
226 227 349.37
227 228 348.47
228 229 264.40
229 230 197.77
230 231 561.81
231 232 218.69
232 233 524.10
233 234 955.81
234 235 624.16
235 236 566.43
236 237 729.36
237 238 662.10
238 239 769.42
239 240 637.82
240 241 707.43
241 242 368.25
242 243 527.80
243 244 321.57
244 245 480.95
245 246 101.95
246 247 528.14
247 248 949.68
248 249 1092.36
249 250 839.55
250 251 157.75
251 252 377.93
252 253 563.26
253 254 703.21
254 255 220.38
255 256 485.70
256 257 750.51
257 258 255.86
258 259 341.32
259 260 654.74
260 261 166.51
261 262 828.12
262 263 453.17
263 264 848.16
264 265 856.53
265 266 789.57
266 267 697.50
267 268 850.68
268 269 577.71
269 270 336.44
270 271 527.08
271 272 415.64
272 273 223.39
273 274 300.57
274 275 543.00
275 276 710.39
276 277 540.11
277 278 738.03
278 279 755.24
279 280 605.90
280 281 476.00
281 282 769.73
282 283 770.76
283 284 607.07
284 285 645.17
285 286 574.10
286 287 758.17
287 288 536.41
288 289 257.12
289 290 299.20
290 291 567.41
291 292 126.32
292 293 398.21
293 294 760.81
294 295 385.00
295 296 130.08
296 297 332.34
297 298 679.54
298 299 759.12
299 300 63.91
300 301 663.06
301 302 675.15
302 303 592.11
303 304 592.71
304 305 502.18
305 306 74.17
306 307 313.98
307 308 268.93
308 309 543.79
309 310 460.24
310 311 133.72
311 312 141.99
312 313 566.08
313 314 602.97
314 315 982.46
315 316 262.21
316 317 277.40
317 318 773.03
318 319 519.35
319 320 600.65
320 321 439.32
321 322 519.28
322 323 637.87
323 324 494.08
324 325 571.93
325 326 736.22
326 327 813.30
327 328 771.56
328 329 498.04
329 330 765.91
330 331 781.09
331 332 189.04
332 333 555.02
333 334 807.49
334 335 753.20
335 336 422.51
336 337 695.82
337 338 710.90
338 339 523.32
339 340 65.80
340 341 774.66
341 342 58.83
342 343 266.85
343 344 580.28
344 345 343.53
345 346 382.03
346 347 531.02
347 348 209.23
348 349 776.54
349 350 579.20
350 351 159.81
351 352 458.93
352 353 321.31
353 354 364.92
354 355 505.80
355 356 386.50
356 357 513.47
357 358 37.01
358 359 580.79
359 360 572.93
360 361 619.43
361 362 247.13
362 363 756.52
363 364 551.54
364 365 384.84
365 366 207.34
366 367 765.28
367 368 465.31
368 369 241.67
369 370 463.55
370 371 391.08
371 372 556.53
372 373 893.13
373 374 549.26
374 375 598.08
375 376 783.02
376 377 712.80
377 378 369.76
378 379 636.18
379 380 119.34
380 381 693.08
381 382 154.18
382 383 573.01
383 384 502.32
384 385 55.32
385 386 625.95
386 387 392.45
387 388 408.46
388 389 920.03
389 390 701.19
390 391 100.69
391 392 371.16
392 393 487.02
393 394 592.04
394 395 179.12
395 396 705.29
396 397 430.01
397 398 785.49
398 399 388.46
399 400 416.64
400 401 553.01
401 402 527.97
402 403 455.40
403 404 706.62
404 405 892.94
405 406 656.51
406 407 140.01
407 408 468.77
408 409 482.91
409 410 379.68
410 411 608.17
411 412 113.09
412 413 355.88
413 414 776.13
414 415 526.08
415 416 944.28
416 417 806.27
417 418 228.36
418 419 710.22
419 420 787.37
420 421 843.38
421 422 862.09
422 423 428.21
423 424 108.05
424 425 531.43
425 426 266.73
426 427 505.38
427 428 355.32
428 429 314.76
429 430 399.81
430 431 798.75
431 432 886.86
432 433 852.57
433 434 897.31
434 435 264.46
435 436 713.09
436 437 773.02
437 438 215.56
438 439 511.61
439 440 993.43
440 441 789.04
441 442 881.05
442 443 863.96
443 444 509.79
444 445 680.02
445 446 368.15
446 447 646.12
447 448 1094.02
448 449 771.30
449 450 158.52
450 451 311.14
451 452 892.09
452 453 767.84
453 454 459.31
454 455 562.23
455 456 295.55
456 457 221.07
457 458 87.01
458 459 299.05
459 460 317.55
460 461 463.52
461 462 334.98
462 463 146.16
463 464 536.12
464 465 187.54
465 466 179.03
466 467 725.28
467 468 793.16
468 469 1005.37
469 470 266.59
470 471 651.59
471 472 436.12
472 473 759.37
473 474 375.71
474 475 111.36
475 476 623.75
476 477 298.71
477 478 314.34
478 479 275.29
479 480 145.53
480 481 683.69
481 482 726.15
482 483 379.72
483 484 569.38
484 485 817.25
485 486 348.18
486 487 209.06
487 488 326.74
488 489 642.62
489 490 369.91
490 491 795.81
491 492 698.29
492 493 591.47
493 494 684.53
494 495 411.82
495 496 664.46
496 497 810.59
497 498 248.21
498 499 484.34
294 409 470.99
402 156 619.79
53 341 615.50
359 272 210.19
379 298 125.77
12 119 847.44
183 85 897.09
287 188 558.79
131 113 826.49
228 361 731.97
15 154 222.10
465 256 185.16
45 126 605.65
197 83 496.98
209 60 661.27
496 57 375.46
208 430 564.35
478 347 140.73
471 239 837.84
53 93 897.32
186 5 1095.62
164 178 916.50
290 35 173.00
130 69 152.43
117 478 325.71
362 185 248.57
272 364 160.70
116 153 469.57
293 189 320.22
436 0 128.32
44 390 649.35
381 188 121.75
64 216 335.56
217 58 640.57
203 173 746.37
257 482 619.81
401 382 683.62
30 112 182.73
239 64 931.93
470 351 237.13
451 399 648.08
161 143 680.35
327 87 922.38
110 91 676.20
492 381 375.76
416 80 571.74
432 89 69.03
487 158 579.94
295 486 367.66
16 276 484.83
249 118 177.18
205 425 175.73
435 287 375.25
428 472 368.88
374 496 271.04
213 316 783.65
204 36 658.17
134 400 517.80
226 452 750.51
427 494 663.60
458 36 342.29
94 17 399.82
214 223 533.17
436 497 65.60
184 338 739.70
473 498 102.59
115 186 973.48
245 271 755.74
42 185 501.86
496 200 446.37
440 7 822.48
278 2 744.88
159 472 752.16
362 238 154.26
461 301 825.48
316 180 743.62
328 239 322.25
138 249 386.81
237 211 785.02
280 284 325.76
492 321 551.36
250 161 57.01
137 454 660.23
38 303 935.87
134 407 718.86
37 307 410.67
323 159 149.97
275 348 803.72
190 15 277.83
346 189 45.54
360 306 682.82
222 401 621.44
128 39 195.98
362 485 490.90
499 257 317.51
99 347 548.81
355 146 154.12
439 342 697.67
404 385 766.56
347 82 540.81
151 450 622.45
416 1 1023.10
361 333 805.78
145 106 764.44
231 245 553.67
305 213 968.44
272 222 650.21
265 291 830.65
16 219 230.50
109 432 267.90
210 185 427.40
272 326 475.56
45 226 334.05
423 384 432.67
450 333 654.29
381 247 870.34
401 350 342.00
448 151 919.58
372 296 467.65
279 73 516.40
356 442 439.11
252 199 515.01
419 195 975.00
204 496 442.48
450 69 765.52
241 154 197.43
32 475 659.01
159 442 394.68
398 245 494.29
111 487 269.90
28 232 532.40
219 482 619.12
292 147 584.05
278 88 532.01
358 438 472.37
471 355 439.14
164 157 612.71
491 230 504.48
279 487 521.93
440 472 926.94
485 75 552.56
379 412 575.40
340 190 302.41
457 190 248.49
314 391 735.89
434 84 376.94
71 407 585.16
350 283 559.98
28 349 431.06
305 0 1087.23
70 265 604.40
389 339 333.12
391 447 695.88
313 50 240.07
310 483 380.70
316 485 592.13
9 34 243.42
470 197 488.80
189 16 373.26
342 378 972.24
330 51 602.40
313 498 263.03
261 302 145.28
134 423 499.51
414 431 779.17
454 112 396.59
171 406 63.79
378 22 355.58
336 104 492.97
70 332 498.85
154 419 400.99
245 349 497.46
277 406 370.26
183 89 934.85
157 487 745.87
289 359 301.84
8 387 141.44
495 17 466.05
232 213 343.69
374 253 903.69
388 179 274.09
173 234 680.92
79 341 347.50
117 378 293.87
401 388 485.49
372 443 427.52
165 418 597.87
350 187 380.26
75 459 495.10
477 437 389.49
231 296 255.83
255 64 533.03
50 61 718.82
217 322 491.76
62 288 369.93
247 169 918.15
384 307 96.54
165 145 165.85
389 170 797.54
268 262 271.16
13 62 441.09
348 179 489.69
417 190 461.32
128 204 136.88
54 428 252.99
69 480 658.09
383 218 224.08
300 469 533.32
486 206 294.01
7 288 579.46
317 98 237.86
300 148 343.58
4 304 179.63
194 46 294.91
181 381 274.12
324 39 261.49
40 396 429.69
157 229 700.28
429 329 325.01
483 111 786.40
234 287 438.71
234 118 370.03
301 187 647.66
123 363 798.80
378 190 459.48
148 487 451.32
240 32 125.88
62 441 566.93
382 394 464.99
282 339 629.44
251 45 339.00
227 384 391.85
75 392 555.18
477 280 839.55
204 52 975.56
226 432 225.97
395 242 351.12
5 215 654.27
353 181 67.27
368 309 806.65
456 152 260.23
448 420 683.57
59 98 528.44
360 112 456.83
16 36 122.15
202 315 628.76
75 391 231.87
289 285 497.24
380 59 327.37
